0 0.170555 0.160784 0.239597 0.129412
0 0.489109 0.413725 0.206924 0.164706
0 0.900235 0.341176 0.168807 0.129412
0 0.505445 0.563725 0.168807 0.103922
0 0.269933 0.484314 0.144303 0.098039
0 0.355697 0.721569 0.108908 0.086275
0 0.199143 0.683333 0.166084 0.076471
0 0.309412 0.826471 0.108908 0.076471
0 0.822639 0.834314 0.100739 0.076471
0 0.833529 0.684314 0.046286 0.082353
0 0.881176 0.563725 0.098017 0.107843
0 0.534034 0.718627 0.117076 0.064706
0 0.514975 0.811765 0.084403 0.062745
0 0.131076 0.850980 0.095294 0.078431
0 0.561261 0.230392 0.100739 0.076471
0 0.689227 0.150980 0.182420 0.058824
0 0.381563 0.114706 0.160639 0.096078