0 0.467043 0.249117 0.168742 0.204947
0 0.579098 0.348940 0.139739 0.196113
0 0.697744 0.186396 0.203017 0.280919
0 0.277208 0.516784 0.305844 0.319788
0 0.498023 0.798587 0.249157 0.318021
0 0.157903 0.380742 0.243884 0.355124
0 0.436063 0.069788 0.114691 0.090106
0 0.888896 0.198763 0.060641 0.065371
0 0.882305 0.537986 0.147649 0.206714
0 0.934378 0.758834 0.112055 0.167845
0 0.859894 0.880742 0.094917 0.153710
0 0.575143 0.606890 0.108100 0.213781
0 0.842756 0.377208 0.126556 0.083039
0 0.333236 0.142226 0.096235 0.097173