0 0.551779 0.407843 0.151790 0.254902
0 0.736906 0.597059 0.144697 0.182353
0 0.799324 0.326471 0.139023 0.162745
0 0.915649 0.254902 0.116325 0.141176
0 0.832661 0.081373 0.100720 0.092157
0 0.570221 0.098039 0.129092 0.109804
0 0.463826 0.210784 0.123418 0.100000
0 0.448930 0.107843 0.153209 0.098039
0 0.263094 0.178431 0.099302 0.105882
0 0.208478 0.330392 0.126255 0.100000
0 0.278699 0.418627 0.136185 0.127451
0 0.099955 0.542157 0.150371 0.154902
0 0.295722 0.612745 0.198604 0.229412
0 0.536174 0.701961 0.177325 0.203922
0 0.600011 0.895098 0.123418 0.139216
0 0.070165 0.855882 0.099302 0.213725
0 0.438291 0.778431 0.131930 0.231373