0 0.328066 0.241176 0.246317 0.160784
0 0.624378 0.264706 0.219491 0.180392
0 0.853624 0.389216 0.209736 0.182353
0 0.760950 0.542157 0.219491 0.213725
0 0.487806 0.417647 0.248756 0.223529
0 0.182958 0.397059 0.224368 0.162745
0 0.134182 0.288235 0.204858 0.113725
0 0.390255 0.112745 0.165837 0.076471
0 0.721930 0.105882 0.190225 0.125490
0 0.848746 0.705882 0.190225 0.172549
0 0.526827 0.682353 0.346308 0.274510
0 0.331724 0.576471 0.229246 0.180392
0 0.084163 0.596078 0.168325 0.149020
0 0.189055 0.767647 0.236562 0.158824
0 0.382938 0.904902 0.195103 0.154902
0 0.741440 0.882353 0.180470 0.125490
0 0.958516 0.545098 0.082968 0.105882
0 0.165886 0.955882 0.258511 0.084314