0 0.477500 0.350707 0.075000 0.097173
0 0.741250 0.358657 0.070000 0.098940
0 0.435000 0.188163 0.070000 0.111307
0 0.349375 0.160777 0.061250 0.098940
0 0.245000 0.215548 0.082500 0.106007
0 0.148750 0.344523 0.085000 0.106007
0 0.141875 0.454064 0.066250 0.053004
0 0.109375 0.627208 0.091250 0.106007
0 0.075000 0.749117 0.092500 0.120141
0 0.217500 0.763251 0.092500 0.102473
0 0.584375 0.930212 0.088750 0.104240
0 0.730000 0.916078 0.050000 0.100707
0 0.907500 0.571555 0.097500 0.104240
0 0.781250 0.469965 0.057500 0.067138
0 0.720000 0.492933 0.057500 0.084806