0 0.333137 0.167715 0.050708 0.106918
0 0.211085 0.351153 0.058962 0.125786
0 0.141509 0.443396 0.047170 0.125786
0 0.119693 0.600629 0.055425 0.113208
0 0.271816 0.494759 0.060142 0.102725
0 0.325472 0.447589 0.080189 0.113208
0 0.273585 0.030922 0.030660 0.061844
0 0.342571 0.595388 0.050708 0.085954
0 0.372052 0.618449 0.050708 0.090147
0 0.361439 0.684486 0.064858 0.079665
0 0.436321 0.735849 0.061321 0.090147
0 0.429245 0.667715 0.047170 0.096436
0 0.478774 0.539832 0.051887 0.079665
0 0.737028 0.808176 0.054245 0.100629
0 0.764151 0.672956 0.047170 0.064990
0 0.834906 0.640461 0.042453 0.100629
0 0.845519 0.504193 0.070755 0.088050
0 0.778302 0.533543 0.056604 0.104822
0 0.704599 0.497904 0.053066 0.092243
0 0.679835 0.420335 0.055425 0.088050
0 0.736439 0.323899 0.062500 0.104822
0 0.777123 0.066038 0.049528 0.067086
0 0.727594 0.227463 0.044811 0.092243
0 0.646226 0.216981 0.063679 0.092243
0 0.632075 0.363732 0.051887 0.083857
0 0.570755 0.288260 0.063679 0.083857
0 0.497052 0.372117 0.057783 0.100629
0 0.446934 0.395178 0.054245 0.088050
0 0.433373 0.438155 0.071934 0.094340
0 0.437500 0.522013 0.040094 0.077568
0 0.357901 0.280922 0.048349 0.098532
0 0.408019 0.296646 0.068396 0.125786
0 0.404481 0.197065 0.058962 0.073375
0 0.468750 0.189727 0.043632 0.088050
0 0.544811 0.074423 0.033019 0.075472
0 0.622642 0.115304 0.037736 0.069182
0 0.600236 0.090147 0.035377 0.090147
0 0.695755 0.112159 0.042453 0.100629
0 0.667453 0.107966 0.023585 0.083857
0 0.642689 0.019916 0.040094 0.033543