0 0.645359 0.454028 0.175131 0.140981
0 0.877408 0.461033 0.115587 0.149737
0 0.728109 0.644046 0.169002 0.137478
0 0.664186 0.835814 0.156743 0.149737
0 0.391419 0.785902 0.232925 0.181261
0 0.175131 0.877408 0.262697 0.204904
0 0.120841 0.654553 0.217163 0.207531
0 0.315236 0.572680 0.225919 0.203152
0 0.288091 0.277145 0.098074 0.077933
0 0.199650 0.286340 0.148862 0.136602
0 0.168126 0.194396 0.171629 0.122592
0 0.296410 0.154991 0.158494 0.141856
0 0.064799 0.069615 0.106830 0.076182
0 0.153240 0.032837 0.106830 0.053415
0 0.514448 0.102452 0.140981 0.133100
0 0.781524 0.180385 0.109457 0.122592
0 0.879159 0.223292 0.162872 0.103327
0 0.922504 0.315674 0.119965 0.102452
0 0.945709 0.176007 0.099825 0.122592
0 0.690018 0.056480 0.145359 0.093695
0 0.067863 0.800350 0.130473 0.175131