0 0.252938 0.181579 0.112714 0.142546
0 0.333600 0.299513 0.111645 0.167158
0 0.607906 0.409755 0.111111 0.211255
0 0.711806 0.711768 0.112714 0.228689
0 0.834669 0.802012 0.092415 0.165107
0 0.890224 0.603064 0.089209 0.171260
0 0.910791 0.262082 0.103632 0.147673
0 0.819979 0.085182 0.103632 0.140495
0 0.665331 0.185681 0.121261 0.193821
0 0.495726 0.714844 0.077991 0.144597
0 0.459402 0.901487 0.099359 0.169209
0 0.393162 0.736380 0.102564 0.206127
0 0.680823 0.902512 0.113782 0.138444
0 0.608974 0.685104 0.075855 0.144597
0 0.262286 0.578451 0.104701 0.156903
0 0.193910 0.763043 0.092949 0.140495
0 0.078259 0.660492 0.098825 0.181515
0 0.231838 0.469747 0.102564 0.156903
0 0.354968 0.565120 0.071047 0.109729
0 0.439904 0.577426 0.050748 0.091270
0 0.430556 0.474875 0.127137 0.183566
0 0.487179 0.194911 0.086538 0.167158
0 0.528312 0.551788 0.054487 0.078964
0 0.859509 0.470773 0.088675 0.136393