0 0.548378 0.249124 0.121330 0.132224
0 0.793726 0.218476 0.148207 0.160245
0 0.886643 0.447023 0.197353 0.232049
0 0.765697 0.413310 0.159725 0.189142
0 0.623250 0.372154 0.143599 0.157618
0 0.731909 0.794221 0.188906 0.231173
0 0.265404 0.775394 0.234213 0.226795
0 0.219329 0.658494 0.201960 0.225919
0 0.348338 0.541156 0.226533 0.227671
0 0.177094 0.470228 0.145135 0.166375
0 0.235839 0.124343 0.098292 0.117338
0 0.479650 0.406743 0.134384 0.128722
0 0.805628 0.575744 0.096757 0.118214
0 0.161736 0.048161 0.198889 0.087566