0 0.616148 0.142294 0.105475 0.140981
0 0.519463 0.139667 0.104220 0.153240
0 0.605789 0.276708 0.103592 0.134851
0 0.516951 0.328809 0.096686 0.174256
0 0.417754 0.335814 0.099197 0.193520
0 0.477398 0.464098 0.077851 0.143608
0 0.518207 0.547285 0.071573 0.117338
0 0.545518 0.744746 0.086013 0.214536
0 0.780012 0.669002 0.134355 0.164623
0 0.898986 0.592820 0.098569 0.173380
0 0.665119 0.635727 0.071573 0.283713
0 0.478968 0.578371 0.145029 0.190018
0 0.634669 0.489930 0.077223 0.147986
0 0.611126 0.632662 0.056505 0.146235