0 0.289778 0.160683 0.111376 0.041156
0 0.290475 0.075306 0.076571 0.047285
0 0.269592 0.207968 0.098846 0.039405
0 0.245924 0.252627 0.123905 0.083187
0 0.187452 0.399737 0.123905 0.051664
0 0.306485 0.395797 0.136435 0.052539
0 0.525756 0.320490 0.121121 0.050788
0 0.882854 0.290280 0.116944 0.063923
0 0.631563 0.280210 0.154534 0.085814
0 0.145686 0.472855 0.090493 0.073555
0 0.170050 0.690455 0.114160 0.046410
0 0.297436 0.728109 0.132259 0.090193
0 0.323191 0.826620 0.128082 0.063047
0 0.479117 0.825306 0.080747 0.058669
0 0.722751 0.844571 0.069610 0.048161
0 0.804195 0.735552 0.101630 0.057793
0 0.696996 0.571804 0.093277 0.050788
0 0.620425 0.487303 0.076571 0.053415
0 0.511834 0.499124 0.109983 0.068301
0 0.506265 0.447898 0.084924 0.046410
0 0.808371 0.493433 0.079355 0.048161
0 0.809764 0.555166 0.071002 0.029772
0 0.903737 0.630035 0.150357 0.042907
0 0.854314 0.656305 0.112768 0.044658
0 0.904433 0.727671 0.045942 0.049037
0 0.358692 0.243433 0.043158 0.036778