0 0.427118 0.285464 0.124216 0.134851
0 0.546581 0.110333 0.119780 0.126095
0 0.700901 0.190893 0.089993 0.129597
0 0.624533 0.306480 0.123583 0.166375
0 0.487642 0.510508 0.128653 0.166375
0 0.360890 0.620403 0.095697 0.154991
0 0.556721 0.725044 0.127385 0.169877
0 0.715794 0.771016 0.108372 0.169002
0 0.891978 0.741243 0.114710 0.154991
0 0.921765 0.477671 0.109640 0.172504
0 0.823216 0.129159 0.087458 0.132224
0 0.754453 0.132224 0.074150 0.099825
0 0.757622 0.244308 0.109640 0.157618
0 0.679987 0.520140 0.119146 0.136602
0 0.731321 0.457093 0.077318 0.133100
0 0.073482 0.816550 0.105204 0.135727
0 0.807372 0.864273 0.091261 0.099825
0 0.918913 0.873468 0.083656 0.086690