0 0.336717 0.063604 0.140715 0.091873
0 0.480087 0.114841 0.167265 0.095406
0 0.707090 0.147527 0.148680 0.086572
0 0.578323 0.194346 0.130095 0.084806
0 0.324770 0.166078 0.127440 0.098940
0 0.162814 0.125442 0.090270 0.067138
0 0.122989 0.185512 0.095580 0.074205
0 0.271670 0.212898 0.122130 0.075972
0 0.515930 0.243816 0.138060 0.084806
0 0.733640 0.249117 0.138060 0.074205
0 0.890286 0.199647 0.100890 0.109541
0 0.936748 0.265018 0.108855 0.081272
0 0.899578 0.377208 0.135405 0.121908
0 0.784085 0.299470 0.143370 0.075972
0 0.618148 0.310954 0.124785 0.102473
0 0.420350 0.339223 0.138060 0.088339
0 0.284945 0.308304 0.164610 0.068905
0 0.126972 0.290636 0.156645 0.104240
0 0.096439 0.383392 0.095580 0.106007
0 0.266360 0.399293 0.169920 0.095406
0 0.205295 0.453180 0.090270 0.086572
0 0.077854 0.531802 0.127440 0.102473
0 0.126972 0.568905 0.114165 0.084806
0 0.247775 0.634276 0.122130 0.137809
0 0.359285 0.513251 0.111510 0.097173
0 0.490707 0.611307 0.183195 0.109541
0 0.671248 0.636926 0.167265 0.143110
0 0.837186 0.568905 0.164610 0.106007
0 0.734968 0.461131 0.177885 0.137809
0 0.531860 0.472615 0.169920 0.128975
0 0.576995 0.434629 0.106200 0.084806
0 0.725675 0.431979 0.122130 0.090106
0 0.069889 0.423145 0.095580 0.086572