0 0.173939 0.286459 0.050708 0.143729
0 0.243514 0.197142 0.057783 0.133463
0 0.266509 0.100638 0.061321 0.137569
0 0.383255 0.083185 0.087264 0.123196
0 0.739976 0.086265 0.104953 0.137569
0 0.814269 0.269007 0.100236 0.215594
0 0.840802 0.446615 0.073113 0.151942
0 0.647995 0.407603 0.126179 0.213541
0 0.713443 0.659129 0.068396 0.162209
0 0.404481 0.390150 0.044811 0.153996
0 0.349646 0.344978 0.083726 0.166315
0 0.354363 0.540039 0.069575 0.133463
0 0.310142 0.686848 0.077830 0.160155
0 0.197524 0.541065 0.095519 0.151942
0 0.111439 0.668368 0.062500 0.135516
0 0.056014 0.590344 0.057783 0.114983
0 0.033019 0.444562 0.066038 0.086238
0 0.095519 0.337791 0.058962 0.119090
0 0.030660 0.548252 0.037736 0.112930